Point(1000) = { 1.0, 0.0015, 0.00000000, 0.005};
Point(1001) = { 0.9499, 0.01124, 0.00000000, 0.005};
Point(1002) = { 0.89982, 0.01989, 0.00000000, 0.005};
Point(1003) = { 0.79965, 0.03808, 0.00000000, 0.005};
Point(1004) = { 0.69951, 0.05417, 0.00000000, 0.005};
Point(1005) = { 0.59937, 0.06905, 0.00000000, 0.005};
Point(1006) = { 0.49928, 0.07894, 0.00000000, 0.005};
Point(1007) = { 0.39922, 0.08603, 0.00000000, 0.005};
Point(1008) = { 0.2992, 0.08772, 0.00000000, 0.005};
Point(1009) = { 0.19927, 0.0815, 0.00000000, 0.005};
Point(1010) = { 0.14933, 0.07366, 0.00000000, 0.005};
Point(1011) = { 0.09944, 0.0613, 0.00000000, 0.005};
Point(1012) = { 0.07451, 0.05388, 0.00000000, 0.005};
Point(1013) = { 0.04961, 0.044, 0.00000000, 0.005};
Point(1014) = { 0.02473, 0.02953, 0.00000000, 0.005};
Point(1015) = { 0.01321, 0.0197, 0.00000000, 0.005};
Point(1016) = { 0.0, 0.0, 0.00000000, 0.005};
Point(1017) = { 0.01259, -0.0094, 0.00000000, 0.005};
Point(1018) = { 0.02509, -0.0106, 0.00000000, 0.005};
Point(1019) = { 0.05008, -0.00854, 0.00000000, 0.005};
Point(1020) = { 0.07506, -0.00642, 0.00000000, 0.005};
Point(1021) = { 0.10004, -0.00469, 0.00000000, 0.005};
Point(1022) = { 0.15002, -0.00123, 0.00000000, 0.005};
Point(1023) = { 0.19998, 0.00182, 0.00000000, 0.005};
Point(1024) = { 0.29995, 0.00593, 0.00000000, 0.005};
Point(1025) = { 0.39992, 0.00844, 0.00000000, 0.005};
Point(1026) = { 0.49992, 0.00885, 0.00000000, 0.005};
Point(1027) = { 0.59993, 0.00736, 0.00000000, 0.005};
Point(1028) = { 0.69995, 0.00537, 0.00000000, 0.005};
Point(1029) = { 0.79998, 0.00248, 0.00000000, 0.005};
Point(1030) = { 0.9, 9e-05, 0.00000000, 0.005};
Point(1031) = { 0.95001, -0.00095, 0.00000000, 0.005};
Point(1032) = { 1.0, -0.0015, 0.00000000, 0.005};


Spline(1000) = {1000:1032,1000};

edge_lc = 0.2;
Point(1900) = { 5, 5, 0, edge_lc};
Point(1901) = { 5, -5, 0, edge_lc};
Point(1902) = { -5, -5, 0, edge_lc};
Point(1903) = { -5, 5, 0, edge_lc};

Line(1) = {1900,1901};
Line(2) = {1901,1902};
Line(3) = {1902,1903};
Line(4) = {1903,1900};

Line Loop (1) = {1,2,3,4};
Line Loop (2) = {1000};
Plane Surface(3) = {1,2};

Recombine Surface(3);

Physical Curve("top", 1) = {4};
Physical Curve("outflow", 2) = {1};
Physical Curve("bottom", 3) = {2};
Physical Curve("inflow", 4) = {3};
Physical Curve("aerofoil", 5) = {1000};
Physical Surface("interior", 6) = {3};
